 Lane         Speed         Density       Flow          X1
**NEW Follow Platoon:**
 2             27.7839052358014            55.5415889596703            1543.162      2.97549295774648            132.078840369611 
 2             27.2549197022965            55.9223395551989            1524.159      3.54225352112676            132.078840369611 
 2             23.4153375091393            60.6638878552323            1420.465      4.10901408450704            132.078840369611 
 2             14.9954303390851            75.7949261851286            1136.578      4.62854460093897            132.078840369611 
 2             4.72581840235732            108.911790043572            514.6973      4.91192488262911            129.69883991306 
 2             4.96719636757907            108.744760728133            540.1566      5.10084507042254            128.50877516745 
 2             11.1058784203061            87.905104643988             976.2634      5.38422535211268            127.318780151676 
 2             18.4423475325189            72.013459389756             1328.097      5.9037558685446             126.128787332614 
 2             22.0404722928125            65.792697560418             1450.102      6.47051643192488            126.128787332614 
 2             24.3521924095113            62.0069398666541            1510.005      7.03727699530516            127.318780151676 
 2             25.983685177271             59.2364553819959            1539.181      7.60403755868545            128.50877516745 
 2             24.8497156593034            60.7597984682484            1509.864      8.17079812206573            128.50877516745 
 2             26.388124835533             57.8805569612854            1527.359      8.73755868544601            130.888839130313 
 2             27.1595579483844            56.6524394248707            1538.655      9.30431924882629            130.888839130313 
 2             25.972857431838             57.5858805531866            1495.67       9.87107981220657            132.078840369611 
 2             28.9877915831174            53.2704080001352            1544.192      10.4378403755869            134.458848699588 
 2             29.014422554174             52.7317237978921            1529.98       11.0046009389671            135.648855687603 
 2             29.0249641563993            51.759894637344             1502.329      11.5713615023474            138.028875066301 
 2             31.1671526603291            48.9226559675916            1524.78       12.1381220657277            139.218887364623 
 2             31.9733750569013            47.5064262532691            1518.941      12.704882629108             141.59891695995 
**NEW Follow Platoon:**
 2             31.0263052168715            51.8135925324723            1607.584     -1.65305164319249            129.69883991306 
 2             28.4917995702543            55.8490027973661            1591.239     -1.08629107981221            127.318780151676 
 2             27.4651183259548            57.8982148211377            1590.181     -0.519530516431925           124.938796773032 
 2             27.8874221073094            59.1387960163489            1649.229      4.72300469483568E-02        122.558822695575 
 2             27.3203555441028            60.4464936712202            1651.42       0.613990610328638           121.368839315783 
 2             22.5454577750658            67.6122501824552            1524.349      1.18075117370892            121.368839315783 
 2             19.2564541879071            72.2493716395411            1391.267      1.7475117370892             123.748808538115 
 2             13.206453223456             84.358678587994             1114.079      2.31427230046948            124.938796773032 
 2             13.2013472449762            83.081583328273             1096.789      2.88103286384977            127.318780151676 
 2             16.7374804415821            73.4980871692449            1230.173      3.44779342723005            128.50877516745 
 2             22.5812251749952            63.5935112501269            1436.019      4.01455399061033            128.50877516745 
 2             24.6630354603599            60.9107124120805            1502.243      4.58131455399061            128.50877516745 
 2             30.5071828063105            53.2995845722877            1626.02       5.14807511737089            129.69883991306 
 2             30.4410137933136            53.1380859858298            1617.577      5.71483568075117            129.69883991306 
 2             33.010771204662             50.5341275324301            1668.171      6.28159624413146            130.888839130313 
 2             33.4602807273328            49.8523835534831            1668.075      6.84835680751174            130.888839130313 
 2             31.1960353989034            52.0878657217758            1624.935      7.41511737089202            130.888839130313 
 2             34.179084974715             48.7472069203903            1666.135      7.9818779342723             130.888839130313 
 2             32.5958075920046            50.2412475014879            1637.654      8.54863849765258            130.888839130313 
 2             34.9592372135172            48.0667074008071            1680.375      9.11539906103286            130.888839130313 
**NEW Follow Platoon:**
 2             34.0602182152367            50.8475682409836            1731.879      8.12356807511737            127.318780151676 
 2             36.9515610893345            48.2667654219455            1783.532      8.69032863849765            127.318780151676 
 2             36.9423932957433            48.7559113768404            1801.16       9.25708920187793            126.128787332614 
 2             34.2839324305884            50.6533868224684            1736.597      9.82384976525822            127.318780151676 
 2             35.1295734956384            49.8794084011549            1752.242      10.3906103286385            127.318780151676 
 2             32.5915879717627            52.3235378524264            1705.307      10.9573708920188            127.318780151676 
 2             29.6218459976071            55.7326908069154            1650.905      11.5241314553991            126.128787332614 
 2             25.3102919663848            61.7203947672757            1562.161      12.0908920187793            124.938796773032 
 2             19.5970422402405            71.3274207271753            1397.807      12.6576525821596            123.748808538115 
 2             14.3235247039932            83.348334218484             1193.842      13.2244131455399            122.558822695575 
 2             13.195828045977             85.2579360311558            1125.049      13.7911737089202            124.938796773032 
 2             14.3677300245017            81.0694496953675            1164.784      14.3579342723005            127.318780151676 
 2             16.4304739565095            74.9229216878857            1231.019      14.9246948356808            129.698772319472 
 2             20.0034336059204            66.5348200893825            1330.925      15.491455399061             132.078772801293 
 2             21.7928128640703            63.1141761639338            1375.435      16.0582159624413            133.268776020766 
 2             24.2752173950049            58.746028075665             1426.073      16.6249765258216            134.45878115565 
 2             25.9335555223077            56.8618667877011            1474.63       17.1917370892019            133.268776020766 
 2             27.785516087113             55.3673809773562            1538.411      17.7584976525822            132.078772801293 
 2             27.6575562235959            55.2561608826397            1528.25       18.3252582159624            132.078772801293 
 2             29.7188114075625            52.6969734425298            1566.091      18.8920187793427            133.268776020766 
**NEW Follow Platoon:**
 2             19.6415486554867            73.7283804473856            1448.14       8.07633802816901            120.178858471895 
 2             18.5863966295348            74.1413316993628            1378.02       8.6430985915493             123.748808538115 
 2             18.885461208812             72.2107211245313            1363.733      9.20985915492958            124.938796773032 
 2             17.3215476173631            74.9650117765865            1298.51       9.77661971830986            124.938796773032 
 2             15.7828769417595            77.8509941696687            1228.713      10.3433802816901            126.128787332614 
 2             13.8499160718182            82.3154370605734            1140.062      10.9101408450704            124.938796773032 
 2             8.58887916217128            98.1399899901258            842.9125      11.4769014084507            126.128787332614 
 2             9.69133438269584            91.9833659571185            891.4415      12.043661971831             129.698772319472 
 2             14.7543831316713            76.4879477292544            1128.532      12.6104225352113            132.078772801293 
 2             18.1482629137143            69.3381209293474            1258.366      13.1771830985915            132.078772801293 
 2             18.9121805378763            67.9682622232454            1285.428      13.7439436619718            132.078772801293 
 2             22.2592157332051            62.899434209153             1400.092      14.3107042253521            130.888771549475 
 2             24.848611437493             59.2663542959772            1472.687      14.8774647887324            130.888771549475 
 2             25.4716981184097            58.713126059041             1495.523      15.4442253521127            130.888771549475 
 2             27.8414671073275            55.7816562277803            1553.043      16.010985915493             130.888771549475 
 2             31.2284535545124            52.0765121937456            1626.269      16.5777464788732            130.888771549475 
 2             31.271787234441             51.5145631580598            1610.953      17.1445070422535            132.078772801293 
 2             33.173797651787             49.4557365600697            1640.635      17.7112676056338            133.268776020766 
 2             34.1581232052964            48.075376896416             1642.165      18.2780281690141            134.45878115565 
 2             33.1182830336494            48.6275616494161            1610.461      18.8447887323944            135.648788155536 
**NEW Follow Platoon:**
 2             37.3183923711486            41.5028431803377            1548.819      3.35333333333333            146.359062441283 
 2             34.9166521104318            42.4174752740841            1481.076      3.92009389671362            148.739110269958 
 2             34.9184301436753            42.4153153923016            1481.076      4.4868544600939             148.739110269958 
 2             35.8517738411531            41.7045402294477            1495.182      5.05361502347418            148.739110269958 
 2             38.8784410473989            39.7058994145135            1543.703      5.62037558685446            147.549085649789 
 2             40.9104192461507            38.5818271525325            1578.399      6.18713615023474            146.359062441283 
 2             42.0552796566293            38.0344590117046            1599.55       6.75389671361502            146.359062441283 
 2             42.2179555419535            38.0535161827234            1606.542      7.32065727699531            146.359062441283 
 2             39.8932961863345            39.7141836595398            1584.33       7.88741784037559            145.169040679156 
 2             38.2498436746192            40.8364098910844            1561.986      8.45417840375587            145.169040679156 
 2             42.2252671799119            38.2030914707975            1613.136      9.02093896713615            145.169040679156 
 2             39.2238552357294            40.6816630097805            1595.692      9.58769953051643            142.789001638691 
 2             37.1953086875272            42.5266359773433            1581.791      10.1544600938967            141.598984435718 
 2             34.0229233405023            45.0328579733439            1532.149      10.721220657277             141.598984435718 
 2             28.5286074104036            51.0998717431489            1457.808      11.2879812206573            139.218954862365 
 2             19.2739015888039            63.8073010014646            1229.816      11.8547417840376            139.218954862365 
 2             8.96294926489333            88.9276814136072            797.0543      12.1381220657277            134.45878115565 
 2             4.28230130202883            108.38270157847             464.1274      12.3742723004695            133.268776020766 
 2             5.66924611422869            100.941900054601            572.2645      12.6104225352113            135.648788155536 
 2             10.7758053979281            84.7356193786477            913.0945      12.8938028169014            133.268776020766 
**NEW Follow Platoon:**
 2             32.6124948774654            49.6118337545628            1617.966      2.73934272300469            133.268776020766 
 2             30.2933843289127            51.9398727798817            1573.435      3.30610328638498            133.268776020766 
 2             31.8779774088008            50.7606711916487            1618.148      3.87286384976526            132.078772801293 
 2             31.0825651593443            51.8281695958973            1610.953      4.43962441314554            132.078772801293 
 2             32.5409184774647            50.6618112962306            1648.582      5.00638497652582            130.888771549475 
 2             30.3358746198069            53.1077530040438            1611.07       5.5731455399061             130.888771549475 
 2             25.5914686351176            58.9226921979437            1507.918      6.13990610328638            129.698772319472 
 2             17.3848067408827            72.0177278404952            1252.014      6.70666666666667            129.698772319472 
 2             13.1657467624835            82.5522770661294            1086.862      7.27342723004695            127.318780151676 
 2             10.4521048791068            91.1989388504146            953.2209      7.74572769953052            126.128787332614 
 2             9.37070301439852            92.7856030116838            869.4663      8.21802816901408            129.698772319472 
 2             9.41223903134664            91.0367642466777            856.8598      8.6430985915493             130.888771549475 
 2             7.46526683440651            98.1162955300569            732.4644      8.92647887323944            129.698772319472 
 2             8.05775215641712            97.8592752973683            788.5258      9.30431924882629            127.318780151676 
 2             11.7040901428525            87.1014788022024            1019.444      9.77661971830986            127.318780151676 
 2             15.9756472634495            75.4762660883981            1205.782      10.3433802816901            129.698772319472 
 2             19.988568837915             67.238360881508             1343.999      10.9101408450704            129.698772319472 
 2             24.5539676796159            60.0171153633137            1473.658      11.4769014084507            130.888771549475 
 2             24.6160199258717            59.6160196222666            1467.509      12.043661971831             132.078907938006 
 2             27.3152993267476            56.7091818443788            1549.028      12.6104225352113            129.698907506727 
